302469512 -0.999976 -0.002757 0.006360 0.152515 0.002809 -0.999963 0.008181 -0.065481 0.006337 0.008198 0.999946 0.611217 0 0 0 1
402450459 -0.999982 -0.004496 -0.004077 0.151556 0.004493 -0.999990 0.000813 -0.068643 -0.004081 0.000795 0.999991 0.610133 0 0 0 1
505966494 -0.999924 -0.008499 -0.008951 0.151266 0.008645 -0.999828 -0.016378 -0.070188 -0.008810 -0.016454 0.999826 0.609483 0 0 0 1
614369172 -0.999905 -0.010858 -0.008511 0.150807 0.011046 -0.999688 -0.022403 -0.071829 -0.008265 -0.022495 0.999713 0.610190 0 0 0 1
724485197 -0.999946 -0.010345 0.001398 0.149475 0.010319 -0.999797 -0.017301 -0.072898 0.001577 -0.017285 0.999849 0.609818 0 0 0 1
838293170 -0.999941 -0.010442 -0.003135 0.148509 0.010446 -0.999944 -0.001452 -0.073560 -0.003120 -0.001485 0.999994 0.609950 0 0 0 1
950065002 -0.999937 -0.010712 -0.003328 0.148632 0.010738 -0.999911 -0.007911 -0.073925 -0.003243 -0.007946 0.999963 0.611170 0 0 0 1
1060576006 -0.999956 -0.008955 0.002826 0.146429 0.008908 -0.999826 -0.016368 -0.074348 0.002972 -0.016342 0.999862 0.610934 0 0 0 1
1170230116 -0.999865 -0.001324 -0.016356 0.135377 0.001944 -0.999277 -0.037961 -0.074829 -0.016294 -0.037988 0.999145 0.609634 0 0 0 1
1282444427 -0.999818 0.001766 -0.018998 0.121393 -0.000992 -0.999173 -0.040642 -0.074892 -0.019055 -0.040616 0.998993 0.609521 0 0 0 1
1394485774 -0.999969 -0.006542 -0.004409 0.110105 0.006671 -0.999530 -0.029926 -0.073841 -0.004211 -0.029955 0.999542 0.611880 0 0 0 1
1498139618 -0.999234 -0.037379 -0.011558 0.098565 0.037691 -0.998895 -0.028077 -0.069782 -0.010496 -0.028492 0.999539 0.610278 0 0 0 1
1602616602 -0.998516 -0.052574 -0.014182 0.087414 0.052949 -0.998218 -0.027520 -0.062400 -0.012710 -0.028230 0.999521 0.609282 0 0 0 1
1710397157 -0.997764 -0.066060 -0.010155 0.076637 0.066340 -0.997337 -0.030309 -0.052641 -0.008126 -0.030915 0.999489 0.609233 0 0 0 1
1820049055 -0.997750 -0.067033 0.001013 0.067882 0.067022 -0.997718 -0.008225 -0.042310 0.001562 -0.008138 0.999966 0.608923 0 0 0 1
1927948743 -0.998403 -0.055320 0.011468 0.062813 0.055131 -0.998349 -0.016143 -0.031063 0.012342 -0.015485 0.999804 0.608954 0 0 0 1
2042593233 -0.999140 -0.037230 -0.018232 0.062511 0.037130 -0.999294 0.005792 -0.019982 -0.018434 0.005110 0.999817 0.608136 0 0 0 1
2149584532 -0.999386 -0.030936 -0.016479 0.063600 0.030576 -0.999298 0.021651 -0.009792 -0.017137 0.021134 0.999630 0.608065 0 0 0 1
2258473451 -0.999884 0.003778 -0.014728 0.071965 -0.004365 -0.999188 0.040047 0.008455 -0.014565 0.040107 0.999089 0.607674 0 0 0 1
2362553242 -0.999364 0.010466 -0.034076 0.078123 -0.011918 -0.999018 0.042676 0.016457 -0.033596 0.043055 0.998508 0.606964 0 0 0 1
2458302574 -0.999902 0.006731 -0.012308 0.084622 -0.007016 -0.999704 0.023310 0.023451 -0.012148 0.023394 0.999653 0.609516 0 0 0 1
2554320921 -0.999776 0.011098 -0.018048 0.091965 -0.011692 -0.999383 0.033131 0.029969 -0.017670 0.033335 0.999288 0.608546 0 0 0 1
2658083659 -0.999562 0.024522 -0.016551 0.103402 -0.025160 -0.998901 0.039533 0.035875 -0.015563 0.039933 0.999081 0.609894 0 0 0 1
2754038457 -0.999554 0.029841 -0.000933 0.116508 -0.029855 -0.999139 0.028792 0.040759 -0.000073 0.028807 0.999585 0.611263 0 0 0 1
2856409992 -0.999318 0.036930 0.000261 0.130123 -0.036909 -0.998948 0.027199 0.044350 0.001265 0.027171 0.999630 0.611958 0 0 0 1
2964102164 -0.999069 0.043047 -0.002713 0.144746 -0.043113 -0.998532 0.032779 0.045770 -0.001298 0.032865 0.999459 0.612158 0 0 0 1
3076184360 -0.998773 0.049529 -0.000440 0.159813 -0.049517 -0.998244 0.032514 0.045705 0.001172 0.032496 0.999471 0.612531 0 0 0 1
3190563455 -0.998298 0.057970 0.006382 0.173691 -0.057762 -0.997909 0.028993 0.044209 0.008049 0.028575 0.999559 0.613197 0 0 0 1
3303038516 -0.998129 0.061136 -0.000720 0.186265 -0.061132 -0.997724 0.028439 0.042091 0.001020 0.028430 0.999595 0.612456 0 0 0 1
3412662603 -0.997880 0.063626 0.013706 0.199048 -0.063388 -0.997842 0.017154 0.039521 0.014768 0.016249 0.999759 0.614043 0 0 0 1
3523176526 -0.997798 0.065582 0.009886 0.210335 -0.065446 -0.997765 0.013483 0.035179 0.010749 0.012806 0.999860 0.613741 0 0 0 1
3634609740 -0.997634 0.067675 0.012062 0.220767 -0.067493 -0.997608 0.014964 0.029294 0.013046 0.014115 0.999815 0.614125 0 0 0 1
3746558918 -0.997993 0.062147 0.012167 0.229958 -0.061967 -0.997971 0.014616 0.022900 0.013050 0.013833 0.999819 0.613999 0 0 0 1
3857344751 -0.998749 0.046561 0.018249 0.245918 -0.046505 -0.998912 0.003469 0.008577 0.018391 0.002616 0.999827 0.614832 0 0 0 1
3965180502 -0.997872 0.061539 0.021555 0.252117 -0.061515 -0.998105 0.001771 0.000300 0.021623 0.000441 0.999766 0.615587 0 0 0 1
4075219557 -0.996655 0.078038 0.024254 0.256258 -0.078045 -0.996950 0.000692 -0.008313 0.024234 -0.001203 0.999706 0.615523 0 0 0 1
4186483093 -0.996070 0.085498 0.023130 0.257608 -0.085539 -0.996334 -0.000799 -0.017788 0.022977 -0.002774 0.999732 0.615516 0 0 0 1
4298498686 -0.995787 0.088803 0.022863 0.256645 -0.089009 -0.995998 -0.008144 -0.028801 0.022048 -0.010145 0.999705 0.616290 0 0 0 1
4409501755 -0.996013 0.086522 0.021716 0.252640 -0.086804 -0.996148 -0.012391 -0.039569 0.020560 -0.014226 0.999687 0.615626 0 0 0 1
4519561219 -0.995794 0.090517 0.014188 0.247428 -0.090762 -0.995715 -0.017741 -0.048552 0.012522 -0.018954 0.999742 0.614260 0 0 0 1
4617765439 -0.995876 0.089740 0.013316 0.241616 -0.090010 -0.995714 -0.021263 -0.055640 0.011351 -0.022374 0.999685 0.614454 0 0 0 1
4714585488 -0.996870 0.078838 0.005960 0.232948 -0.078937 -0.996703 -0.018772 -0.062655 0.004460 -0.019184 0.999806 0.613773 0 0 0 1
4823137973 -0.998126 0.060056 0.011708 0.223688 -0.060373 -0.997756 -0.028945 -0.069409 0.009943 -0.029597 0.999512 0.614936 0 0 0 1
4924426233 -0.998717 0.050601 0.001772 0.213360 -0.050629 -0.998426 -0.024113 -0.074422 0.000549 -0.024172 0.999708 0.612853 0 0 0 1
5034629597 -0.999215 0.039215 0.005593 0.205298 -0.039382 -0.998659 -0.033614 -0.077593 0.004267 -0.033808 0.999419 0.613872 0 0 0 1
5146264209 -0.999360 0.035785 -0.000105 0.193715 -0.035762 -0.998809 -0.033179 -0.080859 -0.001293 -0.033154 0.999449 0.613106 0 0 0 1
5257006521 -0.999744 0.022072 0.004932 0.171465 -0.022206 -0.999333 -0.028990 -0.087028 0.004289 -0.029092 0.999568 0.613128 0 0 0 1
5354110212 -0.999976 0.006885 0.000560 0.162277 -0.006896 -0.999727 -0.022332 -0.087700 0.000406 -0.022335 0.999750 0.612539 0 0 0 1
5450516567 -0.999949 -0.008800 -0.004918 0.153649 0.008914 -0.999680 -0.023662 -0.087358 -0.004709 -0.023705 0.999708 0.611946 0 0 0 1
5554587776 -0.999986 -0.004651 0.002587 0.145824 0.004598 -0.999786 -0.020187 -0.088175 0.002681 -0.020175 0.999793 0.611812 0 0 0 1
5650185420 -0.999964 -0.007684 -0.003497 0.142704 0.007734 -0.999866 -0.014443 -0.088128 -0.003385 -0.014470 0.999890 0.610094 0 0 0 1
5757370286 -0.999949 -0.007059 -0.007264 0.142965 0.007172 -0.999851 -0.015672 -0.088052 -0.007153 -0.015723 0.999851 0.610834 0 0 0 1
5869805346 -0.999978 -0.005646 -0.003413 0.143054 0.005693 -0.999887 -0.013921 -0.088178 -0.003334 -0.013940 0.999897 0.611346 0 0 0 1
5982039732 -0.999971 -0.006829 -0.003287 0.142810 0.006879 -0.999855 -0.015574 -0.088086 -0.003180 -0.015596 0.999873 0.610516 0 0 0 1
6093947597 -0.999777 -0.007913 -0.019590 0.142654 0.008285 -0.999785 -0.019007 -0.088114 -0.019436 -0.019165 0.999627 0.609266 0 0 0 1
6202039851 -0.999859 -0.007653 -0.014960 0.142571 0.007978 -0.999730 -0.021830 -0.088087 -0.014789 -0.021946 0.999650 0.609321 0 0 0 1
