299061961 -0.999355 0.031928 0.016456 0.056705 -0.031711 -0.999409 0.013306 -0.078141 0.016871 0.012776 0.999776 0.608287 0 0 0 1
397142850 -0.999437 0.031103 0.012618 0.056711 -0.030995 -0.999482 0.008627 -0.078147 0.012880 0.008231 0.999883 0.608259 0 0 0 1
495064499 -0.999416 0.031204 0.013915 0.056706 -0.031059 -0.999462 0.010494 -0.078150 0.014235 0.010055 0.999848 0.608254 0 0 0 1
592879728 -0.999509 0.030750 0.006024 0.056737 -0.030690 -0.999482 0.009674 -0.078107 0.006318 0.009485 0.999935 0.608081 0 0 0 1
688727450 -0.999464 0.031219 0.009850 0.056723 -0.031094 -0.999437 0.012638 -0.077954 0.010239 0.012325 0.999872 0.607981 0 0 0 1
785443333 -0.999453 0.031878 0.008805 0.056762 -0.031769 -0.999421 0.012186 -0.077916 0.009188 0.011900 0.999887 0.608078 0 0 0 1
897033247 -0.999402 0.031739 0.013731 0.056736 -0.031563 -0.999419 0.012857 -0.077965 0.014131 0.012416 0.999823 0.608288 0 0 0 1
992618885 -0.999370 0.031574 0.016232 0.056781 -0.031515 -0.999496 0.003859 -0.077885 0.016345 0.003345 0.999861 0.608494 0 0 0 1
1101259026 -0.999546 0.030140 -0.000026 0.056704 -0.030139 -0.999501 0.009441 -0.077649 0.000258 0.009437 0.999955 0.607914 0 0 0 1
1206627559 -0.999569 0.028313 -0.007778 0.055852 -0.028341 -0.999592 0.003523 -0.076494 -0.007675 0.003742 0.999964 0.607014 0 0 0 1
1302414306 -0.999704 0.024080 0.003389 0.052457 -0.024162 -0.999351 -0.026726 -0.069277 0.002743 -0.026800 0.999637 0.607379 0 0 0 1
1399491469 -0.999320 0.036760 -0.002889 0.047179 -0.036708 -0.999190 -0.016488 -0.060295 -0.003493 -0.016371 0.999860 0.608186 0 0 0 1
1510177143 -0.999373 0.029916 0.018923 0.036689 -0.029722 -0.999504 0.010446 -0.051036 0.019226 0.009877 0.999766 0.607460 0 0 0 1
1616403057 -0.999680 0.025161 0.002554 0.026550 -0.025179 -0.999655 -0.007461 -0.040616 0.002365 -0.007523 0.999969 0.607530 0 0 0 1
1720884132 -0.999561 0.021786 0.020079 0.017669 -0.021361 -0.999548 0.021145 -0.030875 0.020531 0.020707 0.999575 0.606846 0 0 0 1
1820223225 -0.999559 0.015308 -0.025440 0.010585 -0.014528 -0.999428 -0.030544 -0.022059 -0.025893 -0.030161 0.999210 0.607116 0 0 0 1
1924748795 -0.999308 0.021594 0.030288 0.003138 -0.021173 -0.999676 0.014144 -0.012069 0.030583 0.013493 0.999441 0.606554 0 0 0 1
2033158362 -0.999740 0.022726 0.002057 -0.004781 -0.022676 -0.999506 0.021765 -0.001996 0.002551 0.021713 0.999761 0.606836 0 0 0 1
2129208505 -0.999709 0.008422 0.022609 -0.012212 -0.007588 -0.999297 0.036716 0.006791 0.022902 0.036534 0.999070 0.607510 0 0 0 1
2232764823 -0.999918 0.011487 0.005625 -0.018027 -0.011182 -0.998611 0.051484 0.014419 0.006209 0.051417 0.998658 0.607624 0 0 0 1
2340427637 -0.999560 0.015289 -0.025409 -0.024084 -0.016058 -0.999411 0.030343 0.022114 -0.024931 0.030737 0.999217 0.606645 0 0 0 1
2450248556 -0.999367 0.003748 -0.035366 -0.029936 -0.003986 -0.999970 0.006652 0.029575 -0.035340 0.006789 0.999352 0.605659 0 0 0 1
2552053102 -0.999979 0.005117 0.003895 -0.035008 -0.005240 -0.999469 -0.032172 0.039963 0.003728 -0.032192 0.999475 0.605338 0 0 0 1
2649317185 -0.999778 0.021043 0.000464 -0.036776 -0.021028 -0.999556 0.021114 0.044848 0.000908 0.021100 0.999777 0.607215 0 0 0 1
2744854053 -0.999558 0.029486 0.003689 -0.043346 -0.029393 -0.999300 0.023151 0.053011 0.004369 0.023032 0.999725 0.606616 0 0 0 1
2840985288 -0.999559 0.029224 0.005263 -0.050686 -0.029036 -0.999038 0.032876 0.061614 0.006219 0.032708 0.999446 0.605976 0 0 0 1
2952945277 -0.999538 0.029285 -0.008190 -0.056869 -0.029455 -0.999337 0.021402 0.069348 -0.007558 0.021634 0.999737 0.606208 0 0 0 1
3062810521 -0.999606 0.027544 -0.005400 -0.063611 -0.027631 -0.999479 0.016674 0.077901 -0.004938 0.016817 0.999846 0.605761 0 0 0 1
3158881933 -0.999711 0.023156 -0.006403 -0.070398 -0.023348 -0.999225 0.031704 0.086896 -0.005664 0.031845 0.999477 0.606259 0 0 0 1
3254400356 -0.999714 0.016661 -0.017184 -0.076271 -0.016838 -0.999806 0.010242 0.094361 -0.017010 0.010528 0.999800 0.605947 0 0 0 1
3359473684 -0.999855 0.003584 -0.016623 -0.081820 -0.003983 -0.999703 0.024033 0.101380 -0.016532 0.024095 0.999573 0.605698 0 0 0 1
3472652765 -0.999761 0.002238 -0.021733 -0.087564 -0.003083 -0.999236 0.038956 0.110042 -0.021629 0.039014 0.999005 0.606468 0 0 0 1
3584447083 -0.999947 -0.009771 -0.003289 -0.094284 0.009721 -0.999843 0.014837 0.119753 -0.003434 0.014804 0.999885 0.604773 0 0 0 1
3694955705 -0.999515 -0.030480 -0.006451 -0.101639 0.030282 -0.999126 0.028831 0.130981 -0.007324 0.028621 0.999563 0.606104 0 0 0 1
3804633966 -0.999699 -0.019527 -0.014858 -0.105442 0.019300 -0.999697 0.015302 0.139720 -0.015152 0.015011 0.999773 0.605726 0 0 0 1
3915016973 -0.999586 -0.016867 -0.023317 -0.109111 0.016528 -0.999756 0.014661 0.146908 -0.023559 0.014270 0.999621 0.606019 0 0 0 1
4013108692 -0.999487 -0.019018 -0.025760 -0.113995 0.018658 -0.999726 0.014117 0.154491 -0.026022 0.013629 0.999568 0.605596 0 0 0 1
4125100711 -0.999853 -0.008989 -0.014573 -0.118154 0.008640 -0.999678 0.023849 0.163114 -0.014783 0.023720 0.999609 0.606268 0 0 0 1
4237572082 -0.999862 0.004432 -0.016025 -0.122300 -0.004723 -0.999824 0.018133 0.171364 -0.015941 0.018206 0.999707 0.604568 0 0 0 1
4349009429 -0.999751 -0.001159 -0.022293 -0.127581 0.000722 -0.999807 0.019619 0.179869 -0.022312 0.019598 0.999559 0.604385 0 0 0 1
4460283660 -0.999910 0.006166 -0.011889 -0.137573 -0.006476 -0.999635 0.026215 0.198289 -0.011723 0.026289 0.999586 0.606142 0 0 0 1
4573521300 -0.999823 0.006298 -0.017737 -0.142907 -0.006734 -0.999674 0.024630 0.207994 -0.017576 0.024745 0.999539 0.605978 0 0 0 1
4685435243 -0.999681 0.020134 -0.015241 -0.142655 -0.020292 -0.999741 0.010331 0.210759 -0.015029 0.010637 0.999830 0.605746 0 0 0 1
4794978131 -0.999654 0.020845 -0.016036 -0.142616 -0.020994 -0.999738 0.009142 0.210729 -0.015841 0.009475 0.999830 0.605667 0 0 0 1
4905070050 -0.999683 0.021174 -0.013637 -0.142535 -0.021281 -0.999743 0.007778 0.210458 -0.013468 0.008065 0.999877 0.605292 0 0 0 1
5014135270 -0.999633 0.021283 -0.016774 -0.142511 -0.021433 -0.999732 0.008793 0.210517 -0.016582 0.009149 0.999821 0.605132 0 0 0 1
5129066783 -0.999659 0.021123 -0.015326 -0.142457 -0.021270 -0.999729 0.009502 0.210484 -0.015121 0.009825 0.999837 0.605032 0 0 0 1
5241487118 -0.999576 0.022078 -0.019002 -0.142442 -0.022180 -0.999741 0.005151 0.210703 -0.018883 0.005571 0.999806 0.605681 0 0 0 1
5352876125 -0.999616 0.021848 -0.017054 -0.142247 -0.021873 -0.999760 0.001276 0.210231 -0.017022 0.001649 0.999854 0.605488 0 0 0 1
5464173750 -0.999660 0.021661 -0.014521 -0.141913 -0.021676 -0.999765 0.000898 0.210166 -0.014498 0.001213 0.999894 0.605347 0 0 0 1
5578366966 -0.999804 0.019683 -0.001919 -0.137800 -0.019664 -0.999760 -0.009691 0.209403 -0.002109 -0.009651 0.999951 0.603963 0 0 0 1
5689855319 -0.999468 0.031937 0.006681 -0.127378 -0.031995 -0.999451 -0.008660 0.207652 0.006400 -0.008869 0.999940 0.603369 0 0 0 1
5801843081 -0.998832 0.046937 0.011496 -0.114579 -0.047018 -0.998870 -0.006865 0.206995 0.011161 -0.007397 0.999910 0.603263 0 0 0 1
5913223512 -0.998961 0.044578 0.009422 -0.100439 -0.044643 -0.998980 -0.006849 0.206495 0.009107 -0.007263 0.999932 0.603310 0 0 0 1
6025091288 -0.999145 0.039182 0.013223 -0.085773 -0.039251 -0.999217 -0.004963 0.206343 0.013018 -0.005478 0.999900 0.603664 0 0 0 1
6137177835 -0.999175 0.033169 0.023435 -0.070164 -0.033295 -0.999433 -0.004994 0.205862 0.023257 -0.005770 0.999713 0.603451 0 0 0 1
6247569047 -0.999159 0.030632 0.027275 -0.052965 -0.030697 -0.999527 -0.001964 0.205894 0.027202 -0.002800 0.999626 0.603647 0 0 0 1
6357370151 -0.999171 0.037685 0.015414 -0.019222 -0.037640 -0.999286 0.003176 0.208388 0.015523 0.002593 0.999876 0.605096 0 0 0 1
6470138960 -0.998813 0.044646 0.019486 -0.003804 -0.044512 -0.998983 0.007224 0.209008 0.019789 0.006348 0.999784 0.605823 0 0 0 1
6585167596 -0.998533 0.051599 0.016419 0.012124 -0.051422 -0.998616 0.011007 0.209885 0.016964 0.010146 0.999805 0.606523 0 0 0 1
6696159076 -0.998328 0.055799 0.015093 0.027340 -0.055684 -0.998417 0.007927 0.210055 0.015512 0.007074 0.999855 0.606557 0 0 0 1
6809011572 -0.998172 0.058274 0.016035 0.042260 -0.058113 -0.998256 0.010340 0.210342 0.016610 0.009389 0.999818 0.607590 0 0 0 1
6922082931 -0.997975 0.061971 0.014341 0.057192 -0.061693 -0.997913 0.019046 0.210739 0.015491 0.018123 0.999716 0.608876 0 0 0 1
7033204014 -0.997826 0.064592 0.013078 0.071715 -0.064413 -0.997830 0.013659 0.210571 0.013932 0.012787 0.999821 0.608169 0 0 0 1
7143868871 -0.997798 0.066153 0.004729 0.083976 -0.066073 -0.997697 0.015335 0.210546 0.005733 0.014989 0.999871 0.608045 0 0 0 1
7255658160 -0.998019 0.062282 0.008903 0.106118 -0.062151 -0.997964 0.014301 0.211336 0.009775 0.013719 0.999858 0.608319 0 0 0 1
7365020958 -0.997528 0.070226 0.002561 0.117107 -0.070187 -0.997449 0.013008 0.211262 0.003468 0.012796 0.999912 0.607532 0 0 0 1
7477990576 -0.997712 0.066216 0.013628 0.130162 -0.065916 -0.997596 0.021372 0.212775 0.015011 0.020424 0.999679 0.609228 0 0 0 1
7589705745 -0.997549 0.069555 0.007647 0.143900 -0.069404 -0.997417 0.018503 0.213689 0.008914 0.017927 0.999800 0.608932 0 0 0 1
7701289478 -0.997171 0.074905 0.006294 0.154691 -0.074791 -0.997060 0.016678 0.214038 0.007525 0.016160 0.999841 0.608346 0 0 0 1
7812833216 -0.996828 0.079566 0.001769 0.164819 -0.079534 -0.996734 0.013993 0.214817 0.002877 0.013808 0.999901 0.607704 0 0 0 1
7925254703 -0.996424 0.084053 0.008628 0.175328 -0.083895 -0.996325 0.017255 0.215561 0.010047 0.016469 0.999814 0.608962 0 0 0 1
8038386515 -0.996338 0.085424 0.003537 0.185252 -0.085373 -0.996269 0.012632 0.215174 0.004603 0.012284 0.999914 0.607967 0 0 0 1
8150000344 -0.996274 0.086098 0.005055 0.194191 -0.086014 -0.996180 0.015050 0.215313 0.006332 0.014559 0.999874 0.608317 0 0 0 1
8261639762 -0.996732 0.080512 0.006522 0.212269 -0.080405 -0.996645 0.015301 0.215462 0.007732 0.014726 0.999862 0.608665 0 0 0 1
8373655106 -0.997098 0.075937 0.005382 0.222995 -0.075844 -0.996994 0.015826 0.215941 0.006568 0.015372 0.999860 0.608128 0 0 0 1
8485609515 -0.997170 0.074969 0.005598 0.232245 -0.074880 -0.997085 0.014667 0.216476 0.006682 0.014206 0.999877 0.608057 0 0 0 1
8595761377 -0.996675 0.081349 0.004644 0.240146 -0.081299 -0.996639 0.010096 0.216477 0.005450 0.009685 0.999938 0.607429 0 0 0 1
8705184230 -0.996229 0.086687 0.003583 0.246048 -0.086655 -0.996204 0.008336 0.215986 0.004292 0.007994 0.999959 0.607140 0 0 0 1
8816995119 -0.995856 0.090890 0.003139 0.249337 -0.090875 -0.995851 0.004690 0.215370 0.003552 0.004385 0.999984 0.606441 0 0 0 1
8929089081 -0.995559 0.094082 0.003316 0.252883 -0.094055 -0.995537 0.007743 0.215367 0.004029 0.007396 0.999965 0.606910 0 0 0 1
9041550544 -0.995682 0.092736 0.004197 0.257354 -0.092702 -0.995664 0.007714 0.215209 0.004894 0.007292 0.999961 0.607057 0 0 0 1
9153836596 -0.995831 0.091166 0.002996 0.262046 -0.091139 -0.995805 0.008154 0.214849 0.003727 0.007847 0.999962 0.606539 0 0 0 1
9265036408 -0.995561 0.094085 0.002422 0.263078 -0.094076 -0.995558 0.003648 0.214574 0.002754 0.003404 0.999990 0.605966 0 0 0 1
9378267427 -0.995624 0.093431 0.002020 0.263052 -0.093425 -0.995621 0.003255 0.214621 0.002315 0.003052 0.999993 0.605992 0 0 0 1
9489604747 -0.995636 0.093304 0.002025 0.263079 -0.093297 -0.995633 0.003190 0.214588 0.002314 0.002987 0.999993 0.605983 0 0 0 1
9593287563 -0.995572 0.093996 0.001205 0.262967 -0.093993 -0.995569 0.002860 0.214557 0.001469 0.002734 0.999995 0.605831 0 0 0 1
9704097441 -0.995567 0.094045 0.001510 0.262999 -0.094039 -0.995562 0.003500 0.214627 0.001832 0.003342 0.999993 0.606036 0 0 0 1
9807901866 -0.995592 0.093780 0.001221 0.262955 -0.093775 -0.995585 0.003976 0.214573 0.001589 0.003844 0.999991 0.606046 0 0 0 1
9921646409 -0.995772 0.091856 0.000029 0.262534 -0.091856 -0.995772 0.000173 0.214157 0.000044 0.000170 1.000000 0.605656 0 0 0 1
10029831395 -0.996694 0.081250 -0.000350 0.260808 -0.081248 -0.996686 -0.003926 0.212583 -0.000668 -0.003885 0.999992 0.605539 0 0 0 1
10141864593 -0.997782 0.066550 -0.001358 0.255887 -0.066531 -0.997720 -0.011310 0.209542 -0.002108 -0.011194 0.999935 0.606270 0 0 0 1
10253299076 -0.998509 0.054348 -0.005124 0.245515 -0.054263 -0.998407 -0.015432 0.203832 -0.005955 -0.015131 0.999868 0.606074 0 0 0 1
10367936858 -0.999066 0.042227 -0.009168 0.218827 -0.041984 -0.998798 -0.025306 0.188587 -0.010226 -0.024897 0.999638 0.606588 0 0 0 1
10472961305 -0.999470 0.030674 -0.010924 0.204148 -0.030373 -0.999181 -0.026736 0.179780 -0.011735 -0.026390 0.999583 0.606713 0 0 0 1
10585366873 -0.999827 0.015974 -0.009559 0.190728 -0.015728 -0.999557 -0.025262 0.171032 -0.009958 -0.025107 0.999635 0.607661 0 0 0 1
10697818987 -0.999879 0.010988 -0.011053 0.178812 -0.010714 -0.999643 -0.024483 0.161146 -0.011319 -0.024362 0.999639 0.606392 0 0 0 1
10808568784 -0.999917 0.010917 -0.006773 0.169171 -0.010689 -0.999404 -0.032809 0.152175 -0.007127 -0.032733 0.999439 0.607715 0 0 0 1
10921674246 -0.999911 0.011087 -0.007488 0.158722 -0.010870 -0.999537 -0.028422 0.142610 -0.007799 -0.028338 0.999568 0.608108 0 0 0 1
11033606875 -0.999939 0.005393 -0.009637 0.148499 -0.005097 -0.999522 -0.030481 0.132726 -0.009797 -0.030430 0.999489 0.608984 0 0 0 1
11143671213 -0.999944 0.004908 -0.009413 0.136785 -0.004586 -0.999413 -0.033943 0.120846 -0.009574 -0.033898 0.999379 0.608975 0 0 0 1
11253917303 -0.999987 -0.001126 -0.004880 0.124259 0.001384 -0.998583 -0.053199 0.108441 -0.004813 -0.053205 0.998572 0.607326 0 0 0 1
11365012588 -0.999736 -0.018958 -0.012947 0.101711 0.019554 -0.998675 -0.047600 0.085465 -0.012028 -0.047841 0.998783 0.608298 0 0 0 1
11476805454 -0.999829 -0.018160 0.003619 0.090974 0.018058 -0.999490 -0.026328 0.075362 0.004095 -0.026258 0.999647 0.610510 0 0 0 1
11592844359 -0.999703 -0.024191 0.002787 0.080959 0.024084 -0.999150 -0.033469 0.066224 0.003594 -0.033392 0.999436 0.609989 0 0 0 1
11705796184 -0.999589 -0.027563 -0.007928 0.070815 0.027860 -0.998806 -0.040139 0.057186 -0.006812 -0.040344 0.999163 0.609828 0 0 0 1
11817082458 -0.999528 -0.030349 0.004766 0.060787 0.030276 -0.999433 -0.014713 0.047947 0.005210 -0.014562 0.999880 0.610964 0 0 0 1
11929230631 -0.999250 -0.038582 -0.003416 0.050654 0.038694 -0.998313 -0.043300 0.038761 -0.001740 -0.043399 0.999056 0.610277 0 0 0 1
12041359229 -0.999289 -0.037321 0.005285 0.041731 0.037332 -0.999301 0.001983 0.029329 0.005208 0.002179 0.999984 0.611017 0 0 0 1
12152591231 -0.999366 -0.035595 0.001130 0.033833 0.035577 -0.999281 -0.013140 0.020367 0.001597 -0.013091 0.999913 0.610567 0 0 0 1
12263841728 -0.999563 -0.027551 0.010673 0.020848 0.027501 -0.999610 -0.004851 0.003698 0.010802 -0.004555 0.999931 0.610402 0 0 0 1
12376657517 -0.999884 -0.015212 -0.000039 0.016415 0.015204 -0.999423 0.030381 -0.004359 -0.000501 0.030377 0.999538 0.609534 0 0 0 1
12488582161 -0.999797 -0.010383 0.017284 0.012290 0.009877 -0.999527 -0.029119 -0.011625 0.017578 -0.028942 0.999427 0.608856 0 0 0 1
12600769668 -0.999755 -0.018158 0.012655 0.008240 0.018661 -0.998993 0.040810 -0.019309 0.011901 0.041036 0.999087 0.609723 0 0 0 1
12712649559 -0.999496 -0.027871 -0.015172 0.004219 0.027916 -0.999606 -0.002768 -0.025878 -0.015089 -0.003190 0.999881 0.609410 0 0 0 1
12824786140 -0.999513 -0.030888 -0.004459 0.000326 0.030751 -0.999131 0.028128 -0.031592 -0.005324 0.027977 0.999594 0.608643 0 0 0 1
12936611859 -0.999657 -0.024381 -0.009517 -0.002447 0.024020 -0.999052 0.036295 -0.037026 -0.010393 0.036054 0.999296 0.608268 0 0 0 1
13047034350 -0.999667 -0.018433 0.018046 -0.004528 0.018359 -0.999822 -0.004254 -0.041593 0.018121 -0.003922 0.999828 0.607962 0 0 0 1
13155100223 -0.999891 -0.014569 0.002346 -0.008076 0.014607 -0.999744 0.017256 -0.050307 0.002094 0.017288 0.999848 0.608311 0 0 0 1
13246569568 -0.999390 -0.008467 0.033870 -0.009990 0.008348 -0.999958 -0.003656 -0.054832 0.033900 -0.003371 0.999420 0.608002 0 0 0 1
13355207947 -0.999786 -0.004297 -0.020256 -0.010873 0.003682 -0.999534 0.030306 -0.058383 -0.020376 0.030225 0.999335 0.606718 0 0 0 1
13463810789 -0.999930 -0.005940 -0.010240 -0.012071 0.005983 -0.999974 -0.004090 -0.062220 -0.010215 -0.004151 0.999939 0.610088 0 0 0 1
13576605477 -0.999643 -0.018263 -0.019487 -0.013966 0.017584 -0.999251 0.034482 -0.066836 -0.020102 0.034127 0.999215 0.607377 0 0 0 1
13688531434 -0.999773 -0.014780 -0.015332 -0.014623 0.014901 -0.999858 -0.007841 -0.069288 -0.015214 -0.008068 0.999852 0.607595 0 0 0 1
13799643982 -0.999931 -0.009128 0.007361 -0.014536 0.009242 -0.999835 0.015621 -0.069670 0.007218 0.015688 0.999851 0.607190 0 0 0 1
13910344686 -0.999951 -0.009847 0.000818 -0.014560 0.009849 -0.999948 0.002620 -0.069811 0.000792 0.002628 0.999996 0.607740 0 0 0 1
14007292727 -0.999929 -0.009748 0.006909 -0.014613 0.009749 -0.999952 0.000094 -0.069906 0.006908 0.000162 0.999976 0.608105 0 0 0 1
14117479826 -0.999906 -0.010158 -0.009257 -0.014578 0.010072 -0.999906 0.009292 -0.069736 -0.009350 0.009198 0.999914 0.607265 0 0 0 1
14229362240 -0.999939 -0.010193 0.004218 -0.014514 0.010228 -0.999913 0.008330 -0.069508 0.004133 0.008373 0.999956 0.607252 0 0 0 1
14340871584 -0.999907 -0.009836 -0.009474 -0.014508 0.009711 -0.999866 0.013142 -0.069692 -0.009602 0.013049 0.999869 0.607933 0 0 0 1
14452546149 -0.999762 -0.011156 -0.018731 -0.014484 0.010991 -0.999900 0.008895 -0.069487 -0.018828 0.008687 0.999785 0.607489 0 0 0 1
14562753686 -0.999890 -0.010320 -0.010655 -0.014541 0.010233 -0.999914 0.008246 -0.069562 -0.010739 0.008136 0.999909 0.607509 0 0 0 1
14672857068 -0.999941 -0.009830 0.004596 -0.014494 0.009886 -0.999877 0.012173 -0.069529 0.004476 0.012218 0.999915 0.607258 0 0 0 1
14784998068 -0.999904 -0.010306 -0.009311 -0.014518 0.010183 -0.999861 0.013176 -0.069673 -0.009446 0.013080 0.999870 0.607213 0 0 0 1
14896852731 -0.999858 -0.011215 -0.012578 -0.014503 0.011088 -0.999887 0.010153 -0.069687 -0.012690 0.010012 0.999869 0.607329 0 0 0 1
15009327389 -0.999957 -0.009185 0.000888 -0.014553 0.009196 -0.999869 0.013352 -0.069817 0.000765 0.013360 0.999910 0.607698 0 0 0 1
15121215795 -0.999835 -0.010811 -0.014632 -0.014482 0.010643 -0.999877 0.011504 -0.069552 -0.014754 0.011346 0.999827 0.607151 0 0 0 1
15228438825 -0.999944 -0.009622 -0.004507 -0.014510 0.009540 -0.999798 0.017704 -0.069704 -0.004676 0.017660 0.999833 0.607715 0 0 0 1
15340631523 -0.999951 -0.009637 -0.002366 -0.014500 0.009593 -0.999793 0.017932 -0.069707 -0.002538 0.017908 0.999836 0.607682 0 0 0 1
